0 0.914751 0.435447 0.057340 0.095896
0 0.914769 0.435515 0.057462 0.095835
0 0.914775 0.435544 0.057439 0.095800
0 0.914679 0.435607 0.057398 0.095792
0 0.914606 0.435674 0.057564 0.096009
0 0.914622 0.435674 0.057646 0.095846
0 0.914655 0.435542 0.057529 0.095746
0 0.914939 0.435465 0.057242 0.095300
0 0.915008 0.435539 0.057324 0.095320
0 0.914968 0.435541 0.057356 0.095389
0 0.915008 0.435576 0.057304 0.095434
0 0.915231 0.435543 0.057560 0.095179
0 0.915375 0.435797 0.057275 0.095231
0 0.916232 0.434663 0.057040 0.095785
0 0.915628 0.435955 0.057447 0.095019
0 0.915581 0.436037 0.057389 0.094938
0 0.916417 0.435044 0.056982 0.095613
0 0.916489 0.435087 0.057052 0.095358
0 0.916401 0.435124 0.057095 0.095382
0 0.916520 0.435475 0.056849 0.095719
0 0.916551 0.435474 0.056948 0.095776
0 0.916557 0.435512 0.056989 0.095883
0 0.916606 0.435442 0.057026 0.095747
0 0.916590 0.435328 0.057064 0.095655
0 0.915794 0.436522 0.057422 0.094719
0 0.915769 0.436427 0.057522 0.094637
0 0.915881 0.436458 0.057679 0.094625
0 0.916599 0.435229 0.057307 0.095268
0 0.916595 0.435367 0.057316 0.095546
0 0.915937 0.436541 0.057934 0.094500
0 0.916739 0.435318 0.057732 0.095849
0 0.916742 0.435320 0.057710 0.095748
0 0.916737 0.435303 0.057725 0.095712
0 0.916761 0.435281 0.057744 0.095673
0 0.916847 0.435254 0.057680 0.095757
0 0.916873 0.435274 0.057685 0.095785
0 0.916935 0.435267 0.057619 0.096022
0 0.916933 0.435240 0.057575 0.096147
0 0.916855 0.435112 0.057575 0.096055
0 0.916837 0.435001 0.057631 0.095989
0 0.916854 0.435037 0.057550 0.095978
0 0.916832 0.435049 0.057557 0.095918
0 0.916889 0.434717 0.057522 0.095883
0 0.917115 0.434745 0.057356 0.095937
0 0.917189 0.434840 0.057257 0.095938
0 0.917365 0.434846 0.057139 0.096464
0 0.917450 0.434912 0.056916 0.096474
0 0.917430 0.434993 0.056838 0.096413
0 0.917583 0.435174 0.056703 0.096338
0 0.917625 0.435097 0.056729 0.095797
0 0.917699 0.435429 0.056528 0.095826
0 0.917756 0.435450 0.056428 0.095809
0 0.917810 0.435440 0.056193 0.095587
0 0.917815 0.435560 0.056200 0.095672
0 0.917941 0.435618 0.055894 0.095479
0 0.917997 0.435494 0.055985 0.095537
0 0.917965 0.435553 0.055962 0.095522
0 0.917951 0.435471 0.055827 0.095562
0 0.918014 0.435526 0.055748 0.095283
0 0.918137 0.435555 0.055528 0.095171
0 0.918427 0.435267 0.055469 0.095430
0 0.918423 0.435270 0.055384 0.095593
0 0.918432 0.435147 0.055388 0.095678
0 0.918425 0.434986 0.055403 0.095527
0 0.918487 0.435026 0.055450 0.095618
0 0.918477 0.434974 0.055437 0.095789
0 0.918545 0.434840 0.055305 0.095551
0 0.918508 0.434651 0.055399 0.095267
0 0.918586 0.434820 0.055297 0.095531
0 0.918588 0.434695 0.055278 0.095400
0 0.918513 0.434693 0.055326 0.095317
0 0.918489 0.434571 0.055357 0.095473
0 0.918442 0.434517 0.055467 0.095401
0 0.918310 0.434534 0.055615 0.095262
0 0.918123 0.434414 0.055695 0.095309
0 0.918097 0.434515 0.055893 0.095097
0 0.918188 0.434773 0.055863 0.095128
0 0.917852 0.434579 0.056273 0.095097
0 0.917707 0.434672 0.056357 0.095022
0 0.917398 0.434623 0.056570 0.095109
0 0.916845 0.434592 0.057158 0.094509
0 0.916198 0.434292 0.057413 0.094842
0 0.915391 0.434248 0.057731 0.095296
0 0.914544 0.433880 0.058075 0.095263
0 0.913719 0.433770 0.058542 0.094570
0 0.913143 0.433841 0.059036 0.094138
0 0.912676 0.434117 0.059399 0.094268
0 0.912223 0.434334 0.059397 0.094227
0 0.911948 0.434521 0.059558 0.094028
0 0.910973 0.435839 0.057995 0.094499
0 0.909727 0.436579 0.056860 0.091747
0 0.907845 0.436312 0.057309 0.090056
0 0.905792 0.436419 0.057694 0.089645
0 0.903941 0.436329 0.056888 0.090615
0 0.902634 0.435715 0.056556 0.091930
0 0.901856 0.435342 0.055767 0.092880
0 0.901389 0.435728 0.056106 0.093589
0 0.900629 0.436322 0.055784 0.095053
0 0.898802 0.435872 0.056778 0.094837
0 0.896195 0.435689 0.056837 0.095511
0 0.894333 0.434993 0.056973 0.094484
0 0.893107 0.434899 0.058060 0.094288
0 0.891945 0.435293 0.056769 0.094533
0 0.889943 0.436334 0.055395 0.092290
0 0.887303 0.435315 0.055594 0.090871
0 0.885195 0.435134 0.056013 0.091676
0 0.883355 0.434465 0.055786 0.092790
0 0.882347 0.434739 0.054988 0.094867
0 0.881197 0.435739 0.053982 0.095871
0 0.879952 0.435487 0.054191 0.096493
0 0.877730 0.434821 0.055989 0.095943
0 0.875671 0.433982 0.057694 0.095018
0 0.874270 0.434013 0.057305 0.094731
0 0.872984 0.434213 0.057132 0.095277
0 0.871103 0.434340 0.056040 0.093715
0 0.868971 0.432981 0.056819 0.092634
0 0.866756 0.432791 0.057411 0.093952
0 0.864936 0.432524 0.056573 0.093709
0 0.863637 0.432518 0.055238 0.093492
0 0.862753 0.432631 0.055211 0.095006
0 0.861236 0.433060 0.054330 0.095233
0 0.859770 0.432447 0.055374 0.095046
0 0.858183 0.432354 0.056804 0.094943
0 0.856498 0.431738 0.057010 0.094564
0 0.855446 0.431578 0.056959 0.093322
0 0.854024 0.430711 0.056548 0.092756
0 0.852278 0.430250 0.057270 0.093252
0 0.849756 0.429553 0.057985 0.092234
0 0.847461 0.428634 0.058068 0.091657
0 0.846370 0.428323 0.058951 0.091842
0 0.844624 0.428219 0.057143 0.092902
0 0.843451 0.429536 0.056388 0.094534
0 0.842194 0.429632 0.056358 0.094481
0 0.840377 0.429067 0.056613 0.093637
0 0.838530 0.429162 0.057908 0.092038
0 0.836786 0.428964 0.057707 0.091896
0 0.835205 0.429163 0.056431 0.093042
0 0.833878 0.429384 0.056435 0.093649
0 0.832672 0.429649 0.055492 0.093083
0 0.831301 0.430027 0.057083 0.092856
0 0.829763 0.429638 0.057889 0.092946
0 0.827229 0.430416 0.056692 0.090841
0 0.824804 0.432175 0.054742 0.090876
0 0.823268 0.432629 0.053488 0.093409
0 0.822302 0.433227 0.054092 0.094047
0 0.820949 0.433694 0.055464 0.095596
0 0.818576 0.433945 0.056494 0.095389
0 0.815535 0.433170 0.056228 0.093526
0 0.813820 0.433307 0.056060 0.093310
0 0.811688 0.434884 0.053965 0.090666
0 0.809757 0.435302 0.052194 0.089318
0 0.807496 0.435412 0.052263 0.090027
0 0.805660 0.435419 0.053681 0.091066
0 0.803974 0.435848 0.053417 0.092405
0 0.803170 0.436903 0.054760 0.092642
0 0.801751 0.436928 0.055030 0.093787
0 0.799291 0.437922 0.056170 0.095620
0 0.797106 0.438596 0.057083 0.094902
0 0.795004 0.437891 0.056584 0.094911
0 0.793826 0.439405 0.054562 0.093769
0 0.791571 0.438441 0.053539 0.093485
0 0.787933 0.439016 0.053664 0.092558
0 0.785587 0.438668 0.053242 0.094044
0 0.784427 0.438784 0.053431 0.095141
0 0.782680 0.438022 0.054225 0.095524
0 0.779730 0.437848 0.053751 0.095635
0 0.776842 0.437811 0.055166 0.095699
0 0.774753 0.436719 0.056010 0.095084
0 0.771354 0.438368 0.051805 0.091725
0 0.768395 0.437091 0.051037 0.091926
0 0.766065 0.436318 0.051094 0.093123
0 0.764373 0.436379 0.050830 0.093900
0 0.763512 0.437103 0.053240 0.094425
0 0.761335 0.436273 0.052040 0.095420
0 0.758829 0.436320 0.053513 0.095331
0 0.757658 0.437299 0.054473 0.093419
0 0.755447 0.437367 0.053674 0.094192
0 0.753897 0.437331 0.054225 0.094934
0 0.749827 0.435921 0.051323 0.093024
0 0.747850 0.436571 0.052333 0.092333
0 0.746318 0.435463 0.051397 0.094848
0 0.744535 0.435488 0.051433 0.095721
0 0.742700 0.435788 0.052208 0.096810
0 0.739311 0.436917 0.048721 0.092788
0 0.736723 0.436250 0.049408 0.093322
0 0.734858 0.436005 0.050097 0.093294
0 0.732939 0.436370 0.050301 0.092315
0 0.730673 0.435621 0.050310 0.093188
0 0.728504 0.435090 0.050902 0.094476
0 0.726657 0.434929 0.050833 0.095256
0 0.725142 0.435752 0.050616 0.095908
0 0.723087 0.436183 0.051915 0.097424
0 0.720329 0.435747 0.051668 0.097180
0 0.717625 0.436532 0.048883 0.092706
0 0.716168 0.437259 0.050692 0.094308
0 0.714601 0.437583 0.052291 0.094615
0 0.710923 0.436553 0.050254 0.093840
0 0.708884 0.436265 0.050514 0.095532
0 0.706952 0.436861 0.050686 0.096014
0 0.705127 0.437419 0.051563 0.096897
0 0.701887 0.439013 0.048874 0.094143
0 0.697798 0.438553 0.047706 0.092199
0 0.695409 0.437876 0.048630 0.091352
0 0.692660 0.437791 0.049360 0.092633
0 0.690105 0.437467 0.049892 0.094170
0 0.688207 0.438181 0.050909 0.096047
0 0.686345 0.438467 0.052269 0.095361
0 0.683526 0.439225 0.049294 0.093398
0 0.680138 0.438665 0.049740 0.092912
0 0.677713 0.438100 0.050023 0.091911
0 0.676578 0.437825 0.051225 0.094772
0 0.672731 0.437831 0.050472 0.092181
0 0.670185 0.437464 0.050730 0.093848
0 0.667932 0.436315 0.049871 0.096439
0 0.665581 0.436510 0.047293 0.094509
0 0.661474 0.435838 0.046827 0.091392
0 0.659710 0.436522 0.048618 0.092868
0 0.657049 0.435272 0.048004 0.092215
0 0.655218 0.435246 0.048985 0.093095
0 0.652607 0.435223 0.049458 0.093381
0 0.650696 0.436291 0.050369 0.093795
0 0.648738 0.435381 0.050221 0.094866
0 0.646952 0.434873 0.050562 0.095597
0 0.644344 0.436427 0.049204 0.091226
0 0.642250 0.435876 0.050242 0.093560
0 0.639824 0.434956 0.049513 0.092030
0 0.639113 0.436043 0.050923 0.093926
0 0.637129 0.435905 0.049823 0.095731
0 0.633992 0.435837 0.049585 0.092458
0 0.631695 0.436658 0.049493 0.093118
0 0.629509 0.437215 0.050175 0.092197
0 0.627580 0.436257 0.049389 0.095615
0 0.624997 0.437451 0.046404 0.094638
0 0.621799 0.438091 0.048304 0.093747
0 0.620253 0.439439 0.049419 0.091962
0 0.617422 0.438476 0.049975 0.091069
0 0.615247 0.438414 0.048985 0.092803
0 0.613153 0.438869 0.049213 0.095591
0 0.611196 0.439257 0.049983 0.096321
0 0.609500 0.439920 0.050840 0.095807
0 0.606566 0.440009 0.050068 0.095097
0 0.603057 0.441335 0.045611 0.092477
0 0.600959 0.441988 0.046707 0.092405
0 0.598842 0.442371 0.048850 0.093168
0 0.596380 0.442159 0.049274 0.092567
0 0.593955 0.442633 0.048433 0.094272
0 0.592336 0.443435 0.049525 0.096877
0 0.589269 0.443811 0.050535 0.097795
0 0.585921 0.445501 0.049902 0.096697
0 0.583101 0.445819 0.048919 0.095715
0 0.580953 0.446867 0.050395 0.097518
0 0.578227 0.445662 0.050008 0.096604
0 0.575434 0.444335 0.049618 0.096685
0 0.573726 0.444283 0.049622 0.097581
0 0.571620 0.444092 0.049750 0.098461
0 0.568402 0.444747 0.050452 0.098860
0 0.566103 0.444577 0.051550 0.097994
0 0.564086 0.446097 0.048576 0.095861
0 0.561880 0.445886 0.049924 0.096148
0 0.559458 0.443496 0.050077 0.096205
0 0.556860 0.442295 0.049036 0.095838
0 0.554541 0.442623 0.048693 0.095438
0 0.552654 0.442309 0.048797 0.096378
0 0.550319 0.442989 0.047249 0.096857
0 0.546329 0.443169 0.044887 0.095602
0 0.543192 0.443113 0.043964 0.094433
0 0.542016 0.443035 0.046148 0.094363
0 0.541250 0.442684 0.048225 0.094440
0 0.538644 0.442501 0.048299 0.092990
0 0.536635 0.440984 0.047306 0.095438
0 0.534898 0.442739 0.048095 0.097070
0 0.533030 0.442670 0.049456 0.096610
0 0.531266 0.441254 0.049413 0.096979
0 0.527927 0.441605 0.044271 0.094619
0 0.525580 0.441865 0.043439 0.094107
0 0.523805 0.442021 0.046920 0.093764
0 0.522042 0.441666 0.048856 0.093991
0 0.520533 0.441691 0.048355 0.094967
0 0.518189 0.441410 0.047984 0.095884
0 0.516969 0.441268 0.047719 0.097986
0 0.515256 0.441332 0.048861 0.098054
0 0.513220 0.441485 0.049535 0.097829
0 0.510715 0.441609 0.048933 0.096929
0 0.508040 0.443423 0.044539 0.094128
0 0.505038 0.444320 0.045638 0.095190
0 0.502826 0.444296 0.047272 0.095754
0 0.500982 0.444031 0.048437 0.096612
0 0.499669 0.444296 0.048877 0.097081
0 0.498105 0.443457 0.048354 0.097480
0 0.496438 0.443457 0.048175 0.097378
0 0.494208 0.443915 0.048170 0.097033
0 0.491585 0.443935 0.047928 0.095692
0 0.488976 0.445923 0.044523 0.095396
0 0.486558 0.448323 0.045852 0.096483
0 0.483555 0.448957 0.048165 0.098932
0 0.481820 0.447832 0.049891 0.098640
0 0.480017 0.447329 0.049910 0.098521
0 0.478150 0.447195 0.048037 0.096660
0 0.475855 0.446439 0.048376 0.096010
0 0.474078 0.447035 0.048411 0.097372
0 0.470846 0.447937 0.045051 0.096069
0 0.468232 0.450158 0.045812 0.102293
0 0.464652 0.450108 0.049368 0.102370
0 0.462757 0.447585 0.049266 0.099008
0 0.461106 0.446186 0.049505 0.097631
0 0.459440 0.444826 0.048693 0.098092
0 0.457393 0.444988 0.048710 0.098675
0 0.455556 0.446237 0.049007 0.097539
0 0.453235 0.445630 0.047068 0.096975
0 0.450915 0.446148 0.046296 0.096317
0 0.447441 0.446915 0.048603 0.097847
0 0.445268 0.445860 0.049928 0.097171
0 0.443691 0.444236 0.049939 0.094956
0 0.441886 0.443817 0.049967 0.095611
0 0.440589 0.443392 0.049797 0.096811
0 0.439581 0.445036 0.050010 0.097015
0 0.437850 0.443080 0.049849 0.096722
0 0.435833 0.442919 0.048744 0.096739
0 0.433521 0.442822 0.047743 0.097355
0 0.431659 0.444629 0.045843 0.095555
0 0.429212 0.445383 0.047297 0.096065
0 0.427063 0.446111 0.048327 0.097753
0 0.425120 0.444594 0.050016 0.096437
0 0.423515 0.444339 0.050341 0.096845
0 0.422017 0.444687 0.050196 0.097412
0 0.420848 0.444348 0.049361 0.097140
0 0.419853 0.445002 0.049338 0.097069
0 0.417856 0.443921 0.049462 0.096395
0 0.416115 0.444080 0.048925 0.097158
0 0.413946 0.444221 0.048488 0.095041
0 0.412036 0.445266 0.047206 0.093862
0 0.409897 0.446663 0.048256 0.094118
0 0.408154 0.447392 0.049503 0.094804
0 0.405845 0.447322 0.050484 0.097037
0 0.404486 0.448393 0.051279 0.098125
0 0.403188 0.448460 0.051508 0.099371
0 0.401230 0.449443 0.051670 0.099363
0 0.399780 0.449364 0.051186 0.097391
0 0.397723 0.449441 0.049695 0.095990
0 0.395941 0.451195 0.048981 0.096448
0 0.393765 0.451903 0.047237 0.096454
0 0.391445 0.453493 0.048561 0.098509
0 0.389251 0.454006 0.049956 0.100469
0 0.386577 0.456194 0.052474 0.102790
0 0.383934 0.456712 0.054963 0.103652
0 0.382410 0.457064 0.054581 0.102510
0 0.380178 0.454164 0.054476 0.094231
0 0.377703 0.454838 0.052879 0.092501
0 0.376074 0.457757 0.049155 0.097577
0 0.374222 0.457410 0.047814 0.097307
0 0.372065 0.457125 0.048566 0.097704
0 0.369713 0.457736 0.050462 0.099510
0 0.365920 0.458962 0.055127 0.097870
0 0.365050 0.459564 0.052328 0.098623
0 0.362470 0.456861 0.053758 0.091758
0 0.359840 0.456628 0.051592 0.089893
0 0.358039 0.459327 0.047692 0.096940
0 0.355819 0.458659 0.047211 0.097490
0 0.353895 0.457763 0.046411 0.097578
0 0.351799 0.457149 0.047860 0.099055
0 0.349823 0.456425 0.050027 0.101593
0 0.347381 0.456951 0.051964 0.103153
0 0.345642 0.456450 0.052631 0.103984
0 0.343249 0.454562 0.051862 0.101725
0 0.341206 0.453343 0.050177 0.100196
0 0.339400 0.453070 0.049983 0.100464
0 0.337271 0.453816 0.048686 0.100870
0 0.334460 0.455613 0.046731 0.098444
0 0.331898 0.454627 0.049265 0.102459
0 0.330013 0.453184 0.050448 0.102014
0 0.327796 0.451755 0.051992 0.102338
0 0.325667 0.450856 0.054047 0.102340
0 0.324138 0.449247 0.053377 0.101407
0 0.322191 0.448041 0.051347 0.099413
0 0.320081 0.446383 0.051474 0.099830
0 0.318083 0.447580 0.051100 0.099637
0 0.314941 0.449269 0.051564 0.099798
0 0.312037 0.450613 0.052593 0.100707
0 0.310042 0.450724 0.053692 0.101276
0 0.306962 0.450333 0.057169 0.102514
0 0.305966 0.450061 0.056680 0.102633
0 0.305083 0.449433 0.056778 0.102729
0 0.303338 0.449058 0.055538 0.102569
0 0.300756 0.448316 0.054719 0.101173
0 0.298183 0.448112 0.054822 0.102031
0 0.296101 0.448539 0.053655 0.100834
0 0.293107 0.449441 0.054767 0.099265
0 0.290626 0.450703 0.057107 0.100004
0 0.288098 0.450530 0.059392 0.100593
0 0.286447 0.450895 0.060359 0.102805
0 0.285212 0.451437 0.059032 0.104377
0 0.283904 0.450859 0.058206 0.103229
0 0.281748 0.451307 0.058793 0.102342
0 0.279594 0.450410 0.056694 0.101076
0 0.278349 0.451306 0.053314 0.101937
0 0.274381 0.452640 0.053505 0.098911
0 0.271704 0.454223 0.055787 0.099316
0 0.269350 0.451770 0.061583 0.097006
0 0.267485 0.451270 0.063723 0.096237
0 0.265922 0.451135 0.062265 0.097164
0 0.264683 0.451235 0.059551 0.096515
0 0.261361 0.453375 0.058558 0.098183
0 0.259031 0.453613 0.055460 0.095545
0 0.256294 0.454408 0.055594 0.097134
0 0.254253 0.454640 0.054696 0.100325
0 0.249985 0.455443 0.0604901 0.100912
0 0.247377 0.454233 0.064705 0.100932
0 0.245933 0.453465 0.065071 0.101022
0 0.244745 0.452270 0.063979 0.101437
0 0.242123 0.451382 0.062767 0.099798
0 0.241303 0.451960 0.062728 0.100926
0 0.239885 0.451651 0.059066 0.098296
0 0.237952 0.451335 0.059218 0.097228
0 0.234483 0.450730 0.062985 0.098053
0 0.232234 0.450784 0.060301 0.097213
0 0.230705 0.451273 0.061322 0.099964
0 0.229110 0.450548 0.061414 0.096730
0 0.227122 0.450560 0.062151 0.097724
0 0.227073 0.449301 0.060091 0.096804
0 0.224692 0.449167 0.059278 0.097805
0 0.221630 0.451811 0.060968 0.098027
0 0.220211 0.452062 0.059021 0.096777
0 0.218526 0.451921 0.058971 0.097553
0 0.216130 0.451619 0.058389 0.097405
0 0.214086 0.451504 0.058348 0.097597
0 0.212140 0.451883 0.059611 0.097963
0 0.210959 0.452063 0.059743 0.098160
0 0.208688 0.451873 0.060045 0.098450
0 0.206708 0.452862 0.060297 0.099311
0 0.204629 0.453748 0.061014 0.098873
0 0.202732 0.453653 0.058865 0.091823
0 0.201104 0.454433 0.058613 0.098656
0 0.198106 0.453130 0.060228 0.091914
0 0.195690 0.456256 0.059132 0.097124
0 0.193137 0.454113 0.061220 0.093890
0 0.191886 0.454920 0.060570 0.095424
0 0.190104 0.455396 0.060004 0.093500
0 0.188350 0.456892 0.059401 0.093082
0 0.185513 0.456214 0.061342 0.091502
0 0.183948 0.456104 0.059981 0.092007
0 0.181868 0.458678 0.059424 0.094380
0 0.178744 0.459155 0.059429 0.094233
0 0.176424 0.459106 0.060391 0.095291
0 0.174132 0.459579 0.061348 0.094566
0 0.172983 0.460988 0.060723 0.095414
0 0.171461 0.461027 0.059304 0.096080
0 0.170725 0.463103 0.056859 0.098665
0 0.168923 0.463333 0.056052 0.095817
0 0.166544 0.463327 0.057608 0.093830
0 0.163813 0.464751 0.058860 0.097230
0 0.160930 0.465096 0.058639 0.099056
0 0.158172 0.463615 0.059059 0.099724
0 0.154381 0.463244 0.061772 0.100145
0 0.153014 0.462577 0.060926 0.100339
0 0.151477 0.462225 0.060826 0.098645
0 0.149730 0.462259 0.061045 0.098561
0 0.147194 0.461625 0.062444 0.097474
0 0.145719 0.462016 0.061189 0.099113
0 0.143823 0.463239 0.059354 0.099111
0 0.141224 0.462813 0.061034 0.099129
0 0.137954 0.462609 0.063375 0.099805
0 0.135244 0.462457 0.064214 0.100006
0 0.133663 0.461788 0.063106 0.098700
0 0.132849 0.461886 0.061649 0.100370
0 0.131182 0.461785 0.061222 0.099491
0 0.128914 0.461533 0.061550 0.098647
0 0.126966 0.461101 0.061129 0.097624
0 0.123701 0.461529 0.062385 0.097830
0 0.121467 0.461662 0.063540 0.099432
0 0.119699 0.461112 0.065154 0.097863
0 0.116228 0.460563 0.068559 0.097827
0 0.113827 0.460090 0.068807 0.096754
0 0.112573 0.459344 0.067143 0.095298
0 0.112494 0.458726 0.065579 0.097615
0 0.111317 0.459082 0.064360 0.097522
0 0.110209 0.458552 0.063703 0.097418
0 0.108173 0.461207 0.060096 0.103448
0 0.107410 0.459984 0.060422 0.098186
0 0.104996 0.460788 0.059248 0.101047
0 0.103900 0.462736 0.059967 0.101006
0 0.103282 0.461591 0.058269 0.099235
0 0.098526 0.460177 0.064572 0.098247
0 0.096498 0.459800 0.064143 0.098507
0 0.095832 0.459171 0.063012 0.099740
0 0.095637 0.458664 0.061078 0.099550
0 0.094133 0.458872 0.059785 0.099688
0 0.091616 0.458636 0.060454 0.100152
0 0.089336 0.459603 0.060705 0.097476
0 0.087984 0.459866 0.058430 0.096395
0 0.086087 0.459634 0.057768 0.095960
0 0.081731 0.460129 0.057692 0.105603
0 0.078726 0.459052 0.058894 0.103448
0 0.077524 0.457974 0.058894 0.105603
0 0.076749 0.458428 0.063061 0.102553
0 0.074944 0.457596 0.062467 0.101007
0 0.0730276 0.457523 0.0612728 0.0990232
0 0.070916 0.458290 0.060745 0.096353
0 0.068707 0.458671 0.061053 0.097033
0 0.066537 0.458915 0.061297 0.097183
0 0.063702 0.459052 0.062500 0.103448
0 0.059495 0.460129 0.061298 0.105603
0 0.057692 0.459052 0.060096 0.107759
0 0.056490 0.461207 0.057692 0.107759
0 0.054688 0.459052 0.058894 0.103448
0 0.052284 0.460129 0.061298 0.114224
0 0.051082 0.457974 0.058894 0.105603
0 0.048678 0.461207 0.058894 0.107759
0 0.046875 0.463362 0.062500 0.103448
0 0.044471 0.461207 0.062500 0.107759
0 0.043844 0.459740 0.062663 0.103695
